HOST=192.168.48.206
USER=cemosa
PASSW=ebalance
NAME=new_test
SOC=1.0
TYPE=0
FLEX=10.5
PRED=[27.765722274780273, 28.4155216217041, 27.852636337280273, 28.11115264892578, 28.84104347229004, 28.748003005981445, 29.053316116333008, 29.979190826416016, 29.59211540222168, 30.06571388244629, 30.90616226196289, 29.90563201904297, 30.534019470214844, 31.3168888092041, 30.84412956237793, 30.988418579101562, 32.111690521240234, 31.44059181213379, 31.0992374420166, 32.074832916259766, 31.12234115600586, 31.388980865478516, 32.39719009399414, 31.53356170654297, 31.535367965698242, 32.61606216430664, 31.889341354370117, 31.605266571044922, 32.147212982177734, 31.30703353881836, 31.404151916503906, 32.11373519897461, 31.51053237915039, 30.950037002563477, 31.840639114379883, 30.95344352722168, 30.88669204711914, 31.50164794921875, 30.530704498291016, 30.148035049438477, 31.05284309387207, 29.778839111328125, 29.486921310424805, 29.80576515197754, 29.1314754486084, 28.407855987548828, 29.02020263671875, 28.243297576904297, 27.524015426635742, 27.923622131347656, 27.100624084472656, 26.862485885620117, 27.46575355529785, 26.01165008544922, 25.774913787841797, 26.18354034423828, 24.554189682006836, 24.40610122680664, 25.33608627319336, 23.727441787719727, 23.739744186401367, 24.454883575439453, 23.252164840698242, 23.45762825012207, 24.130090713500977, 22.557876586914062, 23.2855167388916, 23.689313888549805, 22.6539363861084, 22.903213500976562, 24.16946029663086, 22.500368118286133, 22.94245719909668, 24.514585494995117, 22.667354583740234, 23.55150032043457, 24.622425079345703, 23.044124603271484, 23.731197357177734, 25.394575119018555, 24.11469841003418, 24.720073699951172, 26.482797622680664, 24.830156326293945, 25.77012062072754, 26.739709854125977, 26.03251075744629, 26.342086791992188, 27.201248168945312, 26.66771125793457, 26.71625518798828, 27.99785614013672, 26.90958595275879, 27.548648834228516, 28.332763671875, 27.58246421813965]
ITER=100
